0.6906528554427659,0.06838536120304228,0.5461877408520622,0.09910655262342227,0.8003979600849621,0.6832146660498742,0.8338025302847173,0.9848396951815814,0.31144159420610895,0.20652554590267058;0.018092770575147254
0.3647937230834287,0.5424136936355518,0.9511699977272428,0.4189725570408792,0.5361167459137404,0.6172221877008292,0.25487635931266084,0.04431923338075827,0.2000145938129776,0.29243870993716925;0.00668976392406075
0.1577898256759116,0.11456599977625359,0.9247459632749803,0.24868306496756498,0.2721690053034682,0.4524464689461254,0.9376617616068641,0.24827664230876423,0.401088039124849,0.07433330206292388;0.008151859244730487
0.9561854454854708,0.8148787393246217,0.8986337118099341,0.231662785475523,0.7968106852093525,0.6646123919253996,0.7501432164759259,0.18402340966851716,0.39831805735248216,0.9761355682447073;0.00387215583358064
0.4891292708819791,0.536144760001199,0.5410191520858179,0.6870264521795414,0.34569541521981073,0.5353297774105102,0.5341601888409611,0.40546874110638054,0.21638960520156458,0.4456008999342902;0.005423601255085242
0.4709544117600989,0.9203729780838213,0.514652295041454,0.8019371790751217,0.7707416505061453,0.9325689093229369,0.5423733551472127,0.843541324152962,0.13173943438425617,0.9082516674716602;0.004022689951246563
0.33256237724154925,0.43158799006393933,0.38850675258172895,0.5764111089614146,0.03758753464777098,0.6907801857713086,0.7597565018166157,0.8241102368300203,0.9329162008290153,0.7833653495947525;0.0007564247329582414
0.08485396268784207,0.7731290101375574,0.3743112396037165,0.17452298061579308,0.1920758668941943,0.7184161327422371,0.44637236387166557,0.5660814335599315,0.7548160022075476,0.5394966646551926;0.0029966195453101662
0.5779084544720726,0.7017017901932897,0.8307710050413314,0.3278240604562237,0.3871607686944525,0.9293500572144408,0.9467360724429644,0.419466872289913,0.7659520826448692,0.5788685331228046;0.0021358094243837883
0.8670470528507692,0.8472936783712174,0.7360422283750397,0.3240058828378045,0.32463616898581193,0.6770347177247596,0.0452561122260986,0.7346531839628694,0.8320982775908944,0.15999703927822884;0.005716865643209672
0.7533100166716762,0.6384784557865868,0.49218455123279425,0.13914068339658026,0.3373532612010617,0.3469117057329838,0.5768551806027006,0.5628531731709417,0.8737870925792177,0.852960555180053;0.005216450092714888
0.1309626075285204,0.9932939494088613,0.511140290281782,0.10634410653644943,0.1644411300979226,0.2642200488612859,0.8452976284015926,0.7310388418650314,0.03502585449264517,0.3147411367704144;0.0127894700124418
0.13226870639292387,0.5985927041713063,0.7834115234658572,0.10730539613329071,0.005335786662937214,0.39186604259723057,0.5503204618948031,0.41568765523903506,0.6397758543980403,0.7873084180636323;0.004381846616085184
0.6483129657341863,0.2821934500191534,0.6197974986563833,0.05445941833240586,0.7611602630710257,0.6885540760104554,0.12775297646655637,0.2479698708697864,0.4557476260864004,0.14258330740689018;0.005955377582331581
0.712525678267704,0.5468243940793118,0.515537894440967,0.19081256070030284,0.7409196956768053,0.09001443244055563,0.8542991323286273,0.8701615636407478,0.7608259627683556,0.9317694770058258;0.016916726605318125
0.5377616337684472,0.7985321509747428,0.623184814785909,0.07149332722911961,0.6729459486503897,0.0845978034409246,0.3767818827346996,0.3834952975709659,0.4887163702934,0.48442864136977104;0.008209057480672955
0.009632847470977146,0.13102595505144887,0.0431463563595097,0.8671106396341868,0.7746774640207659,0.5910090923215545,0.31367106198766015,0.6009087555956025,0.33155833042202254,0.9631799003399677;0.010789894086030722
0.9424959709720032,0.41976505481074755,0.18018037259544184,0.6330264026304158,0.9147685437146188,0.8254177787653236,0.3611902802057043,0.25626759364703366,0.0222901992945721,0.06649443381851794;0.0034148899872030285
0.6141356271767152,0.08635467049607426,0.8187792769317737,0.3914847948499748,0.7166188592639203,0.7632941512328123,0.6902773771181561,0.32982425713458163,0.7281423997961944,0.2838988556206219;0.00718870348537663
0.5590952265936291,0.7685097554627337,0.6611912445533791,0.3780440961538285,0.9864285160642802,0.9536451996891732,0.925824945050439,0.5050709326340037,0.08274538239758411,0.9959574466959542;0.009280932383569059
0.8141387139266082,0.2301929725903673,0.4635697028878939,0.9869539208542398,0.966462620998651,0.6947265953528284,0.7804502955567498,0.7632445398737342,0.5292866459437163,0.7300508720488382;0.0027529035711842337
0.223334647266059,0.5896357520006653,0.005882279351085318,0.8049739658163809,0.7414992166222029,0.8215201332303653,0.12141739875580537,0.7755809171375491,0.03719929550970813,0.725520988420669;0.026176905957011935
0.5102518130317507,0.45562192466253626,0.7916641876436409,0.24019073816010172,0.2686156651178321,0.08277824836366254,0.6032850571356275,0.03303504886480857,0.7622571694150634,0.5581850975757311;0.01107354091030342
0.7668593234337315,0.2691615510548919,0.5999687054165989,0.2789964073693144,0.10222849848820237,0.21322814090737474,0.03971468821360957,0.6859949384411235,0.5218111135685963,0.473425672986752;0.00020865909650723754
0.4522228991136441,0.8135511630616927,0.7857403683068814,0.682335550176404,0.04092364561845152,0.37667950554820506,0.3985393436004503,0.6248954244241093,0.45214415586861056,0.5263237725998753;0.012028040290272612
0.9037661841578057,0.6044286932923785,0.019434408147771642,0.20209576196659118,0.5925856435447614,0.02085330406654573,0.0648984664418969,0.8492957811397068,0.22080233896061197,0.8702201028756333;0.0046529400855370665
0.49171806978248334,0.2160308015248137,0.9309927207848318,0.17825265381870736,0.8836502711552383,0.4942662893577977,0.18641982739739815,0.25852880966076175,0.9695995222386109,0.7665076070657348;0.00033677667126157394
0.13068746704144607,0.5925178950997726,0.7122933183390441,0.5973509054931543,0.669946283214231,0.41806253618086364,0.21612468193399914,0.14455399328231644,0.8323883896789392,0.765232055787321;0.025504269780878094
0.284281446777953,0.9094743141379326,0.14143446954422556,0.9081445963071011,0.054928271895045344,0.2354146064841336,0.2598048707651214,0.5838581488081611,0.4799626989431691,0.23966102918625465;0.002892499375257287
0.3836163874025912,0.5637617128665791,0.8065976596771955,0.5936067795319597,0.04477016274679935,0.34172940711461575,0.9403632926547232,0.8323055121055198,0.3636281247112091,0.4894309172565303;0.01758262204328084
0.4818052769169323,0.338149543845191,0.8787010674299763,0.3034344229189546,0.22658010651395877,0.4331813390140472,0.8601828653963695,0.32418661079950106,0.04532956806779265,0.4193684323943656;0.00440971982197425
0.6008162068789988,0.7770949405061852,0.36690821525459294,0.45135512784799414,0.534207859499187,0.14712799253004927,0.7653251566202983,0.5722908326280417,0.25390632405081637,0.5727147221253441;0.0008806529030836036
0.9800061616123692,0.3254277776302229,0.28312642316987235,0.8046030852243019,0.9891182658351408,0.7370457921752227,0.9153920833792893,0.3426314192416249,0.6327328865285351,0.2844429512152755;0.007090435948537492
0.7068605914978109,0.7172144135535184,0.39753172798167735,0.5812792092618493,0.6489545438504781,0.3506231469387294,0.4518197851805118,0.2027782912209407,0.1295554514506263,0.5911637935889075;0.007335292858539044
0.8862424166456646,0.5524763411235452,0.37986053824589716,0.39458083640560704,0.7667654188504742,0.9362339083854327,0.4092447796716491,0.4041995534014645,0.22392853823005066,0.6541170083878569;0.0014055811392857743
0.04073950777458046,0.7075912280616432,0.11830099275904027,0.8561699261398991,0.3566065012761619,0.6310610753753323,0.7092899451782507,0.9139706133413985,0.9643936308105918,0.1659065291124977;0.006028586194617612
0.0352380891451648,0.12598881808899676,0.2519615075619931,0.996904638456594,0.6522518095070021,0.51754490359893,0.524396523269575,0.5551194093175277,0.6817496398875298,0.047863813990367765;0.01865629854659723
0.47344796078323703,0.544520648526758,0.05492713912878355,0.056680310497523756,0.8878743381863627,0.8268702455395815,0.13453263433319163,0.20374464942261805,0.6162209635859982,0.943834098774277;0.017060074249957393
0.725707973118345,0.06604381139210769,0.04118500794545932,0.9286265401587558,0.8093050612939714,0.06196654748443475,0.21644685576936185,0.1952190436042366,0.5174622330103258,0.24546390356366232;0.0006576503335252125
0.2942522549053205,0.682116971586693,0.04929572034080676,0.24459091010766343,0.7779666630094794,0.38872000879530877,0.40232063200115153,0.08199223778230591,0.6589209513404131,0.4664297187899822;0.004781437327763093
0.8037525113059663,0.8953848389495044,0.18877812763460022,0.48319073944197566,0.39883464145947567,0.781149715420585,0.08151845118808387,0.37616876905706764,0.9605545740545983,0.47178717562373407;0.005707615257420867
0.5229825540635498,0.16257309241054407,0.6959248568861084,0.4288065525225976,0.06686601250306579,0.1480352121116485,0.3121514176220611,0.49726150153376625,0.04601877040647673,0.6460263755522833;0.012689852585121748
0.2899204185693738,0.8679105769719653,0.1738282580105026,0.328948792407751,0.6406165211977647,0.4487854482549696,0.0034249253868742224,0.9358196073448672,0.7734925367736523,0.6863995585549765;0.012497935803608633
0.6686082471553861,0.08433307362590348,0.22860064288462578,0.9331115042028139,0.9505472088905458,0.8710609705471464,0.5070019027849569,0.9629655742314608,0.9276735055961041,0.13050293083351772;0.014051521757470016
0.028543654128122098,0.43566527985493575,0.24653310737602163,0.6013373292073556,0.2869980922592722,0.3371704338725384,0.7660661571393437,0.0832631196939897,0.06070554285994656,0.22854953443560244;0.004315220070129623
0.8285691472780161,0.1419849529250219,0.9096512477640575,0.12271212315093083,0.6029892429397694,0.4167058002915638,0.3980374480117622,0.2895472775983936,0.39363364016001745,0.38259281714972593;0.007227748471402876
0.4666983573911694,0.24379335412190373,0.6436961215927302,0.6595735676198915,0.4238721839800581,0.016090832959873014,0.7952181750759014,0.7842809944569729,0.4621056701455597,0.3166854335337398;0.00244063146278748
0.38753112260406175,0.10630860872813563,0.8919961582334508,0.28130438296385185,0.05323354460652663,0.25506120165712354,0.6299363568581282,0.5090690240161894,0.23150628554585917,0.5581240509846607;0.03751319448837579
0.061679544191609814,0.20233109473846556,0.5656492103677188,0.9634655719225047,0.5703931940358343,0.9341108789070381,0.9014447828809298,0.03865515654806806,0.8154951329917908,0.0013834986028783414;0.016572754814722947
0.006384960968485731,0.809393137219124,0.5852505026053765,0.7904760467806714,0.5328100451533397,0.9384815223618224,0.6177441897170994,0.4590984400577709,0.016192969672018886,0.3744605084214969;0.003152332383052694
0.5056070249802219,0.0477359404078459,0.5767603625303458,0.5374257458914633,0.3811872060233501,0.884707508053602,0.887875129272131,0.48682594202810636,0.30666861791317024,0.09920495534687068;0.00766721977967065
0.0025328704481430986,0.20832703746688963,0.9388215043973575,0.07976557973629672,0.8570938879626551,0.3708899735889234,0.9994988121150898,0.8933814596072283,0.43378588676462704,0.9800254193774818;0.0077561990460236615
0.8821310070682782,0.639681268122046,0.6503550224307826,0.4126598462544011,0.5119386661407904,0.8955979073688387,0.2782162955334109,0.07213787969813501,0.22677389003843196,0.00032795069863844617;0.022049281931826956
0.6897502159765027,0.4625982334089389,0.5832123544321092,0.29936873609132153,0.8354761455261479,0.8059427887596896,0.7324465418852146,0.08242614539285587,0.9964126405294784,0.4420558662049764;0.011067046512967508
0.9177504091778259,0.9777974026927229,0.8267908971150512,0.8116374645669792,0.9351647397194713,0.8944038218760114,0.7192943463134988,0.8015474198324691,0.3176031520648289,0.8627850076561178;0.01093687650585595
0.3629765322888292,0.9623030931778425,0.14392285791139114,0.5147857540111731,0.2093740969937108,0.5949890222202641,0.5941323166047832,0.376697318078674,0.8911971078470506,0.6184213119353223;0.003412273630587643
0.6058950288803322,0.6523508941200753,0.09317622202479992,0.298855652846,0.9670683317904738,0.9549336689973447,0.12556939836074787,0.7531411586437952,0.7029577675046195,0.6721820614105024;0.001512545951597925
0.5473768351753457,0.34948570929214584,0.24039677591209963,0.5972848249344375,0.820557906927644,0.2990348825287219,0.44204472076617707,0.685838563222827,0.22397773979783686,0.7850489513884054;0.001738563550293086
0.4376952975442765,0.7334866248037001,0.6509925728480876,0.5598872650506278,0.3393448389905733,0.3228198854117488,0.16759237075769484,0.48624616798988674,0.08278182963090808,0.6152352781426745;0.00960258718608178
0.693276355168469,0.02356760494239374,0.984337519236212,0.24905840799202228,0.9202022955327261,0.7020914619516294,0.16906277942797532,0.9097476794275862,0.5171234732468444,0.7426206857882239;0.018070738078321987
0.3984614282215728,0.650791614432138,0.946626626734062,0.9605341135100999,0.38808940145870274,0.23159755623543699,0.9332917111810447,0.16504428580117692,0.49780065425552555,0.790712694628706;0.027381091441846847
0.9587401944058442,0.8249155791720094,0.7941810515234459,0.6358381892793673,0.3071304170575688,0.8275872970941085,0.10569634576818743,0.8121691044977704,0.3235707895332999,0.3920863453145129;0.01289893783051413
0.7524996462375686,0.5738658569383887,0.07283984361589368,0.22104054449682642,0.7131595844008176,0.040094132859537335,0.7521405265707807,0.05276407682366635,0.18740995489127277,0.061539034827810424;0.004473464508360443
0.6583033222618841,0.8614245816171597,0.9488349487344638,0.6942384044185375,0.3893681348223408,0.3206937000500657,0.34617441833643425,0.06358176399771232,0.687374129275815,0.9256644148752846;0.005863569895537468
0.20202482363549035,0.9478385275764569,0.957031422277489,0.14816453670857388,0.4597529831107515,0.6233369507450721,0.5243813083522628,0.2962504723428847,0.8571863224958243,0.026103361440336648;0.03309129396932894
0.9970292230283608,0.0664844635438484,0.7864815193364201,0.8630249135547697,0.33125349740902066,0.9204512488399832,0.8371794119311239,0.5499277141169605,0.45726057029598177,0.8845282759607872;0.01369626059583191
0.8756352477112845,0.8679735900765292,0.786839615184758,0.5759554317438149,0.5482566568381486,0.24098424642310234,0.4413116696083649,0.7158630386235002,0.5981974962131815,0.04727833527180536;0.023526030628669637
0.5082779130232186,0.020758884773561248,0.780995873762462,0.9384955209828204,0.6313613119754655,0.3246908661653457,0.4194568056254101,0.28435127553912876,0.14663477165187822,0.39267603758304803;0.0018655729946875897
0.9893788066968544,0.09489496759990446,0.0011403780030110333,0.848534297049281,0.7528736697643595,0.3496357179999696,0.6833308589347687,0.7595587658565661,0.3649909456542153,0.7510455753845131;0.006486977705488169
0.80895222551698,0.07142424201753828,0.20337652630466774,0.6586430212139563,0.12023782195347466,0.4993819070016209,0.7854249022949534,0.2530456365771052,0.1032414290002277,0.9935048632752931;0.03886154747778651
0.8735698689898261,0.12167507068992178,0.6795429979194456,0.06697227267349104,0.819011676924697,0.40469577774119303,0.857066414009681,0.43055050342262924,0.02523172266989937,0.783210537784116;0.018936912994682135
0.9529145479404512,0.5894513133943808,0.5382594285404253,0.9226493325860248,0.17530537997469797,0.9284368729218473,0.7965677820263677,0.6900344628328051,0.36292370069608604,0.37826757278566103;0.009055521696735009
0.48929023308888986,0.518408808256577,0.8637831896273037,0.8042108122941347,0.6982091594061198,0.03831570638248627,0.6990774473806847,0.6480679330351694,0.18201380738372908,0.7783454065794565;0.004581678517483372
0.1087855718424301,0.26789242397172985,0.8276260509514388,0.9288471207751798,0.41195117403534254,0.4481255889636805,0.3121099997514295,0.9407528017401019,0.9780984981907128,0.7767920943979807;0.0032498136752817626
0.6449186691594379,0.866337884823243,0.6727216429112568,0.49860800001243477,0.9351376541398725,0.8900990042992517,0.6331130722063562,0.6105721954120606,0.8120990107143595,0.44769158965967304;0.010360584547666637
0.9789134511218074,0.3633017023402637,0.9511864511465427,0.8489602047959968,0.5722489687421061,0.9909153906228699,0.7344141333619081,0.5478700719711491,0.3265277206979018,0.8958277244463856;0.0121816667298492
0.7544389727438815,0.46879713540693735,0.5789992002187774,0.42869811406518854,0.8840704805181983,0.6244416975176558,0.9814676351336196,0.7021233211812931,0.7526166712114024,0.8190349698787228;0.012971162847558334
0.25174266044779126,0.5528971793074893,0.7096812961786917,0.31333766865153845,0.4513121171880269,0.27308897036041446,0.5613918481353426,0.40907846968062866,0.9388349874950814,0.3379336800403343;0.005283738743467215
0.8425332380335941,0.05357554689072097,0.8974474830534109,0.26812734342309497,0.24902370249668448,0.09464242905058251,0.34185176431366926,0.3268293744524642,0.48718751273938243,0.940898480030076;0.005529046901938962
0.44719453651854013,0.21558985221132299,0.8495558209661305,0.5390965647251513,0.27181296739118543,0.45811758731807894,0.23261494375077085,0.5578954339528334,0.5279455080034948,0.30776715813995636;0.013413649240531417
0.5939642157234845,0.3303812708136009,0.16272345258407794,0.31247290097402913,0.1126807171811891,0.11257414911643593,0.5673178082043241,0.019351968769564354,0.7246403729707437,0.20942878157032718;0.0018576662516072706
0.7092255497286091,0.7116132349861638,0.11958210750219722,0.5676668815794456,0.19159937593883802,0.40550723713158965,0.0893765871897041,0.6194643364917255,0.700582575076089,0.08537405488008198;0.001723916827595646
0.7161972969753516,0.623425339920642,0.5040367076182807,0.7374012473931943,0.2992743227554181,0.9308146700242045,0.4398210146354038,0.818782355095632,0.8779675566017321,0.6560818220856726;0.004570597950046514
0.23771778197356497,0.9357030233607059,0.3704582388945993,0.9746087424002402,0.03238313950690419,0.6424196690023339,0.324581130220825,0.42924741672197564,0.8155932636378627,0.8359135614895814;0.00042673900697431363
0.7860116793140938,0.14445843229010447,0.3819102102914329,0.5112136270725938,0.5773231433605397,0.015112332254214822,0.3015673177739684,0.7419503787922198,0.34504810479262726,0.7545649902133802;0.0006662530331516092
0.7525332391040063,0.25612763078897627,0.43523091509228773,0.8007569402630378,0.16960908935550745,0.10153831167536231,0.5129686947457749,0.6941748287202032,0.20274291053807802,0.4348300780861135;0.024050332337941644
0.6078454396771812,0.9905595267376457,0.637271904414111,0.0818418528233763,0.4783840049964885,0.4836537927229435,0.9093462104396337,0.2930111109563238,0.09258529271777327,0.8265672676581526;0.00928145439619429
0.15586918961623875,0.1141276626793879,0.9070171743683049,0.17376253227289007,0.9448325770874719,0.44143730220615784,0.018463966400279364,0.5438901184942211,0.49450364678127134,0.48521302397464794;0.008454701736698754
0.9588073882210232,0.16216206634296648,0.9775482910104262,0.25300337615531987,0.8281772341199023,0.4367429493811137,0.035907030496135306,0.78582874375894,0.8363380520076246,0.2927461365990429;0.03516708906312549
0.8988565637573201,0.3430834260807246,0.5764039070810083,0.3927679417626879,0.45122905862779006,0.2575605414968257,0.03557722687924536,0.22340782415333582,0.3986698219094519,0.21270844781857;0.006519520114872239
0.9393559105657382,0.6294402597983725,0.7209300836246535,0.126861331514737,0.5950669814211175,0.9515484537980119,0.6706516040720987,0.1347643226134465,0.8369667140552869,0.5236502771048378;0.004647337373251464
0.678203545338972,0.6275253233090706,0.6289676399736555,0.7731428853611144,0.651292332042242,0.4232674666407823,0.40143357202272656,0.48954420810025023,0.2521503686198341,0.7047338984271381;0.0048421840504350765
0.6920578604656367,0.672518668524644,0.10959184279488654,0.06385113230635997,0.8361415688863593,0.7922641067989166,0.5661421916985043,0.09147897138675753,0.8596501388917437,0.2686399044397123;0.0010777725338626807
0.5625578600895733,0.25591172710063936,0.26533533952034827,0.7891756380242799,0.9133569328615871,0.28771521812656553,0.427521737293886,0.4442431426827902,0.12724136120081575,0.40173962447034184;0.013293084254557516
0.3413642772254548,0.5363653906242071,0.7528042418820763,0.47885911908253787,0.393694354216374,0.10418650635495197,0.14482475857792143,0.7844669267468576,0.2917986532293182,0.32719164124036215;0.012018629082990083
0.4657267924971882,0.32861404086242274,0.8250179533363092,0.15768423077687554,0.19719304164349816,0.3247011768769432,0.4649724936423556,0.4253538098959001,0.04415569022396526,0.8223121902213737;0.00582025612736992
0.7731049660799235,0.4514819910276494,0.031202553215354367,0.9266687570406357,0.4012508258231543,0.3066360960327833,0.03296981422151346,0.9461760870704874,0.8892375369912169,0.7912323137862232;0.043094744505548746
0.17128216900493431,0.353463826436093,0.5254567456230792,0.21516762469784434,0.9872289502029168,0.9873897465341226,0.1307805165004834,0.4896555068315699,0.35047250467523894,0.31058544796499743;0.00877252243051562
0.09072461771249718,0.00703708247488799,0.008337326216033225,0.29607734814314723,0.006023306764751379,0.16897510380718783,0.772985591349535,0.46091692233514514,0.8712770895294231,0.2763215431047187;0.008917984902669701
0.7095393823553947,0.9672872820730185,0.6604893241337537,0.6068234716002758,0.42502283942111707,0.2908774038167542,0.30268910654849035,0.1804749264164347,0.23586468816403872,0.7497307518767958;0.017589756243193685

0.7392558192770549,0.4022683545931506,0.06404263295707369,0.1760157263029476,0.99143677820294,0.05701625550940759,0.02629651228476315,0.7509147895576399,0.2225009916436954,0.1285157755163997;0.00019146044124852262
0.26189599556744325,0.3820589447743591,0.24723533828765787,0.12512169942624063,0.7103768854901358,0.9282666303631638,0.0166708624704347,0.5144462180028556,0.3369189402521441,0.9415469983502682;0.0025332850716061456
0.6415216604279584,0.4211610008259382,0.8204150949581883,0.49589596875916964,0.6614835670860717,0.14715645307625935,0.8338627479990859,0.9930875071702193,0.7866508037905401,0.4906811782841506;0.00809524838417338
0.5355209097827286,0.19446569345667075,0.17063627469643683,0.2640923699682617,0.11647061540640813,0.3938168781828708,0.6683327511419006,0.867432927625322,0.0413617263464342,0.3013249726677022;0.011472040371369417
0.6725121116181598,0.45043205760125904,0.09369172475151655,0.6409942878846195,0.5339350765011163,0.09487615369227642,0.06376780416681871,0.26666021660745454,0.10642201494043368,0.3541214239176338;0.0012314945758045968
0.6822706898065553,0.8373931785473874,0.17221717751138454,0.5813622647273038,0.1823090949513132,0.1392852137053634,0.681421903311879,0.7520771134205876,0.2480083893182562,0.22426891245966762;0.0027397939467378716
0.26363975944942086,0.6002337914093736,0.04784044663116194,0.6507157946503807,0.4700817270694907,0.28334150309577943,0.12071862620320839,0.019031584598969697,0.1716376774276136,0.05259478968841447;0.0026392942936741604
0.4982964397275941,0.3327508366163652,0.9022712780426977,0.15019182238543527,0.18175085937357793,0.39137768391907535,0.42066894644844033,0.40813644014801786,0.5511496253690814,0.41227446311675187;0.006548431858288141
0.13312866143837498,0.7546085773376376,0.956921023662059,0.7143739539974238,0.6440941113484616,0.5415557386498857,0.3263672936628007,0.7247886990535446,0.8751261041615774,0.5264067372697676;0.01807929555480031
0.4129854909812173,0.9881354537120948,0.06016023482949506,0.35635861090513865,0.05580917909895111,0.9445862481345083,0.675366441388614,0.49989211345539664,0.19359439481284635,0.4482385760796025;0.01130940290314882
0.46050900232972314,0.35898709250641814,0.009736142171181128,0.12045869801641407,0.06883220598657824,0.5780927870190447,0.047870289278379774,0.5248224925404162,0.8906687225434173,0.9113127649620392;0.015215319574707184
0.08900218391492631,0.2322640051004249,0.8992633220944574,0.4738378956360515,0.4346327742466056,0.8249004221822139,0.982233552645268,0.4849529543120118,0.01990921227590514,0.8968756594610073;0.02128463189031446
0.5470174876396836,0.3168884025251948,0.8605237722368568,0.4681197567246015,0.7394011419688586,0.4099760421805495,0.49937078375902655,0.5469481589747793,0.9486021239170254,0.9364565994150585;0.004721942081088057
0.18641152501988079,0.6952339074820054,0.5144374491269978,0.5447124393242252,0.5648555621618738,0.8183987130689544,0.5658914332762071,0.07160973878376942,0.8869822362535146,0.9481632155852151;0.024156964705257307
0.34301067959314946,0.3029090702882403,0.09915322626601908,0.4080600594268823,0.8407918115525309,0.3922425300582717,0.17515237751289403,0.23713660987588414,0.13011396733627723,0.5927730937425842;0.0046366120374886745
0.0488454334945807,0.755039380839885,0.356077774028008,0.7301914746861261,0.4802930168649513,0.18432880733173584,0.13447220683709316,0.34663368791757043,0.7678838136999842,0.9069004698530826;0.0031566365938499106
0.5992068692504895,0.5957262827538622,0.4077566767594025,0.630795268334806,0.13961934857259461,0.6940457507175819,0.32891356476201805,0.7402378037436428,0.10919671253492524,0.9628822151321184;0.007076105630564176
0.2274853836055366,0.980913141533471,0.739507023853606,0.009287532015183064,0.2961578722130165,0.3324423329236975,0.3738806298133547,0.4110912686808701,0.6389441324716437,0.010937601307883571;0.004867077361792953
0.35626977391680126,0.3583667073433783,0.8539932480019385,0.8885243611344523,0.10958753749965322,0.19185952368342318,0.4128992540784244,0.6183851337083858,0.7330954177689406,0.8315098056312292;0.012931308053335824
0.972008407733926,0.3238460952911335,0.7388732036941298,0.9650889091270889,0.34298132487109245,0.5367043000311807,0.5489596312105853,0.10883018687652601,0.0025974540349970043,0.5101198605848251;0.003058054677883167
0.042905441026380386,0.34516125649024965,0.3247102680922538,0.6046312940560977,0.7376921499244207,0.6909575973517642,0.476861320320337,0.2885734438048725,0.258017599906994,0.6466272535493885;0.01874295764552098
0.05895604422479417,0.5079758342472063,0.19325758940565385,0.7222950307429362,0.7887614688634124,0.696131605581826,0.08916277148408158,0.6518006438231552,0.5334560501255111,0.2554291491996572;0.006506592362349802
0.8508415255049433,0.7612066744758867,0.06017845634092278,0.5813336420859107,0.8302618408468588,0.8133091976549597,0.3889889019512429,0.04676845717506428,0.33556447915716037,0.4492223061011923;0.004718260305481134
0.16577792779355982,0.7566628804702584,0.7878722234150519,0.5148270036771192,0.0037133051523203786,0.5635325024324865,0.03821339986444605,0.9609277304449079,0.899272025680358,0.8072090917471775;0.0032028887170781352
0.6980455346145401,0.3077891356660978,0.6377485066467018,0.9835083713832988,0.7848392594218515,0.5447749802921741,0.6638277475170465,0.5054318171638921,0.15432651830099553,0.5911690681081844;0.008463020033728544
0.3005280838330474,0.2325373731527055,0.5230882461546835,0.08089033040273697,0.4648771076876256,0.6237125573185551,0.8023471395016578,0.6682105004901611,0.6902122428859899,0.8304203903823331;0.007446014136593875
0.570944814524587,0.7059838952709228,0.08132207449849871,0.7010512409827044,0.6121158374802591,0.8280232464103151,0.8134803526217815,0.22350630873738586,0.010211934689141833,0.6733000340616934;0.005304024885356759
0.15165355886605048,0.11382592993299145,0.6117175389493703,0.6819800827360557,0.2816317397959004,0.34485700905573125,0.16761630089506874,0.7946046923551734,0.1413459223592286,0.0677338797079049;0.0003684923957781776
0.0246779029783325,0.392342342011639,0.7295061553955295,0.3409443116822223,0.9637632120140786,0.0225099224955575,0.053007900952502185,0.2976864867423197,0.8366966147299083,0.252750947325209;0.011231167699685105
0.47591018586796596,0.03042013299113744,0.9816884682969775,0.5348667374651461,0.7581067294702191,0.5927337951249187,0.08906003996992085,0.07557744328229643,0.13088564960127103,0.9172335165262622;0.019192607139821655
0.8233617126488382,0.07494598033979372,0.0742097968013723,0.29616060913069064,0.2293312413678953,0.17392023881435614,0.7867775810421673,0.17701675209612844,0.3525071877007263,0.8192856476578335;0.021514280097462982
0.43194972996742387,0.8623359594472063,0.5331385952626457,0.15564847222560174,0.5112865358434239,0.39802855672395754,0.936475573605306,0.13546035687415237,0.7697976587988732,0.609741041250442;0.015765870536204825
0.8917573619707906,0.2094012762594265,0.7887200796491953,0.28808905578743615,0.9984388522666306,0.7207187527391808,0.20062026537172573,0.14259424482755567,0.7939853145505159,0.7708070964935423;0.019141218668359872
0.1900311524467887,0.43151722334459175,0.6323572167146798,0.29180169637471565,0.2702174512579706,0.1644136422261986,0.33202537234790996,0.7073678009592174,0.08578023503954946,0.6518376545295826;0.019475876686884823
0.22419977037267935,0.9353966840641444,0.06397249679678463,0.3879661225947043,0.4732820583236288,0.23497746007842302,0.9010297948867382,0.7324908743698194,0.5980837944227264,0.9099512865418768;0.01105089889161668
0.7527451182542348,0.7183376836888105,0.5906903466362651,0.2882885238192008,0.11513485914469246,0.2341112173662323,0.5173665191527415,0.7114417241863985,0.04140249041428545,0.04220449938406512;0.005252320609184412
0.20939863303163453,0.9082562386039678,0.3099614117039462,0.9733632092929847,0.04341144711133482,0.5355893472561519,0.39779838301375103,0.9271809163373693,0.4283670205239225,0.3216267595048846;0.007197379071094836
0.828520075575025,0.7365520811948925,0.1732147055532025,0.27306533349476025,0.5143499904159087,0.5067718270012349,0.16961674692241746,0.21458908443273017,0.13988387456900686,0.14793041606187063;0.019153891240653146
0.05754303255429738,0.05665970755001504,0.008193548374684778,0.6707894908937685,0.1808197171328021,0.8945441758834121,0.08922155504517393,0.22098140609695238,0.9774761691177408,0.6106296557811292;0.0004924292089205564
0.473705525914622,0.17454138492399252,0.5766923645728091,0.67810505048573,0.7886066835907622,0.21621737083398984,0.4430075108551854,0.6888524033811775,0.4607385147036367,0.7775508998744559;0.019361028029592515
0.9528711804126148,0.17158787374773188,0.20857322330964567,0.5430879968460571,0.803767979512707,0.12485677217357738,0.13194990687015284,0.502510740064452,0.8377267579027228,0.6174436377008078;0.004657265141003477
0.014628425460337602,0.6613283966309231,0.49776725131404287,0.15517429053724063,0.7723256765107835,0.43183229552165714,0.7676858841168351,0.6530934834975771,0.7145301075908996,0.6423447017148303;2.4151755106253898e-05
0.9193271343777516,0.5853449015376143,0.9445287520661712,0.129583174283892,0.34222725440773305,0.42643036755454355,0.4090180789710255,0.9252537654772817,0.5319194880890622,0.24088787243836418;0.0016525053538679598
0.10571351953537533,0.4620595002678958,0.37426771706404205,0.6569339389156291,0.5876621911878929,0.9088176234501553,0.2652370263047942,0.7014629023771,0.36973326711933663,0.689105808067985;0.0053351672627867195
0.37748769712055175,0.3265696700130648,0.7952537334787526,0.43050383353736044,0.8326104001371188,0.8786289334979914,0.9998742743769533,0.6954735397126859,0.7839245136129475,0.8939979023339081;0.003559269164451739
0.8979319660503668,0.6872720299978551,0.8561820823052565,0.11732440397665211,0.9421339540663102,0.20425863550186563,0.7129604475127601,0.5528672587367572,0.3250449085109388,0.981462913449345;0.008543198417969087
0.674943811386923,0.7144211234366471,0.8137580000462177,0.24193771289090593,0.867375546798504,0.5033886711980614,0.5496021782014627,0.5903794333964084,0.5135134254481838,0.1158144690199081;0.003955215454033403
0.8246540547704473,0.3177383806844346,0.8248501707421393,0.9682483720965962,0.46537105529054035,0.7244964929520645,0.8485661644958331,0.13838792072295159,0.09129981481959926,0.40161446983042615;0.0064387694203650045
0.6078701408903769,0.13629958168234635,0.8889417764686264,0.017554637355698843,0.13146060214309774,0.49680218046407143,0.9993698800232541,0.8452554764286941,0.3676887336375637,0.9383556764011338;0.007636003670672508
0.8479568523715936,0.09545445580721745,0.9078994077173671,0.8289520960412563,0.920859721963432,0.7523439393442859,0.6118309132852909,0.31555573845461493,0.31503481025612035,0.34668106149102684;0.0024301696235053878
0.7039516619536463,0.46002487818399695,0.030074980455144562,0.9078252165393885,0.10791064432370334,0.2613708009271256,0.2523031727849353,0.8841365532885201,0.7405287982159371,0.6124707126338136;0.005615937481475107
0.6148171332823135,0.6473993819076471,0.5060938932473799,0.820137292353984,0.8908920746771518,0.21054399117486877,0.6701092093406611,0.5706449724333317,0.5713936921634145,0.8688274131555552;0.023581819539071902
0.7284541372337228,0.15760201267883367,0.2907843964228173,0.7799885337114096,0.3165579490165964,0.5787214630395044,0.7174519756059301,0.9052969451562708,0.40174448456083567,0.16539094487028916;0.0011192968614755006
0.8963511788160942,0.8464806871027375,0.3311190620025265,0.15343486851900767,0.7318514115225261,0.43550215324912844,0.06890026662393656,0.23570362887991103,0.22586452741313978,0.758691146686306;0.009352624138820282
0.6303016354245313,0.37324652266246994,0.20829627100878556,0.15947772495280255,0.15069625908211814,0.1976466103184732,0.8983005499920899,0.028465115109388983,0.15205862349450228,0.7653910208214406;0.008502435667053474
0.6740403850773883,0.5086247954156655,0.9922986384410605,0.8464010998177706,0.3670671216479445,0.4598139544339429,0.06341203154763919,0.5085373845666961,0.3651030811675987,0.4987372392858025;0.008109721616938109
0.8744385192895989,0.9385037354421115,0.48827488473481695,0.7538560134817295,0.7034520237961291,0.30267643283633794,0.032614936327416855,0.08338508235326547,0.9528309803698424,0.8729269815475919;0.012190746946992606
0.13928334714036794,0.14111852217597665,0.50205670789764,0.39095004593620386,0.7292556868675696,0.9348314274563616,0.5791520617156012,0.3299757358911395,0.13449632692521885,0.7346439498402029;0.011684904953845382
0.020552397606611983,0.6654843301263687,0.47449394832286307,0.16196144097769238,0.1265185201179152,0.37420933231007447,0.6312249627363006,0.1774807972444804,0.8982657605183855,0.49547921109874316;0.0006738708063569905
0.20879772261711116,0.8382953215087338,0.2369409138082108,0.19424688359719566,0.015268023139575315,0.7831371902448019,0.3989918024423369,0.8403181567495497,0.19972005836911488,0.671679080280736;0.02722421539462156
0.8989413030348911,0.5219784420040803,0.6873752007262346,0.4167360899737098,0.6598401508785877,0.7788473772889435,0.31024546871024883,0.8461401013458997,0.5379692364694304,0.1974956453823541;0.002564151285914423
0.8607060769522017,0.32831730918514723,0.8896619146014226,0.9677925472677613,0.6874083372131642,0.8535871276589012,0.4934285949540437,0.7799118352592679,0.9338900352718231,0.841007130104634;0.02213172826800627
0.22897852994148027,0.1256445658606853,0.5375020981163585,0.6822232173494779,0.8744354146723571,0.42386145936651876,0.24419713051017766,0.7223922988478628,0.6632027420574089,0.26764403824915994;0.029900568946266377
0.03956697173136581,0.13676055843154666,0.9913507647474262,0.31748243116255126,0.6046963514862984,0.458736719452259,0.7438872357653343,0.7666146411808545,0.380090378833423,0.23001907990045944;0.00015525794352654515
0.8900009983636571,0.6550748547395995,0.7797927528092663,0.3740665678405093,0.01816265900978964,0.9372614654592752,0.5156767741416834,0.05094704372476788,0.49800519175087976,0.31050653670574313;0.008171120099422212
0.33930192107554535,0.5153907477652448,0.7081248599700855,0.7439266196549894,0.39432807837744543,0.16404968079872362,0.9408880286132344,0.7434765649308894,0.4633299879617161,0.738396372317605;0.0033761057525109077
0.36531058887560186,0.07544415827615181,0.2689941718345229,0.3725962863339487,0.009927401761782972,0.347748043791579,0.036237332623752616,0.8445208959956244,0.1705580203715683,0.9950733242873703;0.000897009809610095
0.448422457065509,0.32047831733196996,0.35105915186409653,0.6847739530503419,0.31893492291410375,0.7608993033308629,0.20648067912138646,0.9749755735223793,0.5233311585339564,0.07573216247732684;0.0205918308049507
0.2674406824207778,0.8280975399347728,0.8745348095646587,0.505033612069421,0.9623505996704819,0.7321141318768906,0.17662916123477568,0.9316223785797725,0.195365502958174,0.19576696619022127;0.02432993807917394
0.027324654214064936,0.26515827029607064,0.6626343960214822,0.5362039828143815,0.6480226423627381,0.4848554856137478,0.5044985155734202,0.7439058111163819,0.4023862829385396,0.9937297609104917;0.005487199033222217
0.5980720642729982,0.615629346466979,0.35667476683846655,0.6833239931974325,0.5278335219747066,0.7361813417196708,0.9324466862267529,0.8924898500270967,0.37761486284814993,0.9067965879229494;0.008477296657533427
0.023610539059603863,0.4810124722229222,0.34158039579296695,0.645499371159849,0.9183446584751799,0.20145638035171132,0.013029667923364019,0.8204165100107571,0.10968674776921528,0.663421295541998;0.0013734834703959511
0.8957408474617793,0.5229145741220891,0.485337273882791,0.17963615116851506,0.8679405363337725,0.6378425100552751,0.6297598333005904,0.7266931951462948,0.31889135040246863,0.4741886020770152;0.015054145430583655
0.31717109779331665,0.24687928059535824,0.17012952920882718,0.7654216214933565,0.5568955276036189,0.16071612778238897,0.40540122600522266,0.6654540214938947,0.8776857346203921,0.9224530621258221;0.0025473465838570584
0.6668761753087618,0.9122109369582905,0.9641667427848933,0.05717083792690425,0.26643793649724845,0.7816015270838851,0.43633525590736455,0.6191928994898218,0.6477913935881956,0.24909131545489116;0.0008249488742646484
0.9542080232220727,0.8857410381454904,0.9879073076708866,0.5134702746404091,0.5652418790773776,0.5144665690431768,0.5781963098127566,0.7054596759086458,0.5453266971767835,0.8498733909997074;0.001652662037183451
0.7525059132632692,0.6172526961120531,0.8250589419688115,0.4595159986553501,0.1367390716350626,0.8461562070748118,0.3729596592924258,0.3372771429827819,0.860321044372465,0.5599588278569068;0.004254557199615036
0.666992320732746,0.13780353109633214,0.7882980252380216,0.22526875708724559,0.5767839097177749,0.04227305286698402,0.6735923909460935,0.2583354941719248,0.1992583624641434,0.8034916782159544;0.00034272675901086204
0.21324416648464684,0.8839934601543828,0.832532666319112,0.47658016365686706,0.6795407515322913,0.7651125246018005,0.7972855951385437,0.4573229939986583,0.44718737342279813,0.9683647182721525;0.004067026185949699
0.6776070151666295,0.44803039776554443,0.6884046901672286,0.5092430482227591,0.2386624141917999,0.5533931479605069,0.9740721587337485,0.3331684067088071,0.47839944847863125,0.6766276169986603;0.0138253091451243
0.19895190087327153,0.22707858662486158,0.30646157523982165,0.37280519413122926,0.5818727406651579,0.8942372305565597,0.713186267678165,0.5168225408643348,0.11234981521803611,0.7626034081298109;0.018837506613893166
0.7143577888498134,0.15984401848594632,0.5761210180407507,0.7440114242278076,0.8702227420096998,0.1295796516764941,0.7862910867602443,0.1976534453703721,0.27279609678743655,0.43614311912137727;0.012308872775445236
0.2761716980082387,0.07098453555316175,0.6534109623715856,0.2479349301250786,0.7762462522298149,0.06992047342366814,0.858329252887061,0.293463001853457,0.9681094255560106,0.24827647563891264;0.00045784900700891285
0.8727284179923701,0.6022038469434708,0.01835931061250551,0.6006838364192102,0.7278258112855004,0.5411957957926883,0.614894717452175,0.812602127221867,0.01303422442243285,0.33355349298340664;0.01734159199000291
0.27928085897921284,0.006858139553776232,0.7970667605269903,0.38448981385084613,0.838387949377146,0.2711208344906444,0.1504561980478849,0.7048256767879987,0.32179191642747984,0.04708323208953824;0.008641066917937068
0.42433227567513776,0.46052150664507174,0.852331126484312,0.6751840345684565,0.40522727693626037,0.39885235660043505,0.9899917402443986,0.7393331009962514,0.46635508038259554,0.2398544902241162;0.025372917537480926
0.6120067311990437,0.22638627257929578,0.619138852981092,0.3695543702588133,0.392325507078655,0.7005457439403185,0.9541997444017222,0.4303500715634415,0.02190582709730149,0.749028521122678;0.032140417535041516
0.7959762666042753,0.87258638652223,0.5246309297326893,0.17372168282578482,0.9659097291380847,0.711063010065792,0.7303298200024592,0.06466244838547441,0.4894748677888937,0.13095395608507987;0.00521211140175091
0.5416431145695634,0.19593852721119764,0.7656294075548415,0.987381421408958,0.20643799411817865,0.5902309010716073,0.19537964806975627,0.41914048740276366,0.486852109271952,0.7477477876236699;0.036225943866610544
0.6441230307124011,0.015820364208325,0.6766729963243115,0.6032842909895298,0.7534709742464752,0.16419604626824258,0.6937505905628513,0.9429646884599205,0.9174270630710396,0.1282601901835927;0.021792884302695267
0.3153898869866161,0.974171007299045,0.9324920189906555,0.30678019859031713,0.5676659413453087,0.05544376275553442,0.4611546953430635,0.817433555494162,0.4718070758974875,0.14488273132877738;0.03820973547300345
0.1270794800017946,0.5600959284951887,0.7817857417172251,0.4553382719399448,0.19011372513445968,0.08982526878187092,0.7509291640652891,0.2262413833050987,0.48381615110126264,0.002291356090109442;0.009451551632031872
0.14687100860434132,0.5066630150543334,0.43512879291099904,0.7453909691560522,0.4329874195127882,0.4227573348557806,0.5921952982398144,0.6811832046828652,0.7645106032237866,0.29641747696070864;0.013818335102386394
0.5579665190398626,0.6195752242050756,0.6868366353882301,0.21927261302005696,0.21335735162067915,0.4265465459343032,0.550054775267127,0.5404599951267833,0.3810558648291765,0.27068923715294313;0.0007049480903983774
0.8892792266215858,0.5645974600226689,0.01169012987529705,0.8955729817239991,0.5968141241305829,0.9474584146289735,0.985762123514676,0.6409787426813656,0.7536076394490625,0.35521201040538497;0.005822867969435567
0.9840713363548305,0.16100439931058952,0.07345476282170105,0.5651376854667555,0.477460804308496,0.2634780714866969,0.12030979704223022,0.20308758467038734,0.6696260853253003,0.33374385138195894;0.015525610416893213
0.11171846613072167,0.41193727077484765,0.7200927266618088,0.4908186793217981,0.7654256398739728,0.39059570820175604,0.1978642956113742,0.8736749808711738,0.703340591279757,0.5294691543645741;0.004168440194362854
0.30558502424937684,0.4184919782311185,0.42205872720980386,0.07092755637088366,0.7264345667273286,0.23949564477990504,0.3856162520988978,0.8398967840788989,0.04882626976710647,0.2442868454646322;0.0014036549235520843
0.23480192838968184,0.10220442995722079,0.8580273097796395,0.6277616594215978,0.06557402631880327,0.25937801853070763,0.6871196976430047,0.262845340335793,0.7537659995753674,0.421381489970195;0.015208730626323774
0.4292442409131454,0.1168672570436502,0.46833925626576944,0.5742530835278554,0.5959664898199988,0.31065598010409734,0.5148437390683925,0.12917681228589817,0.377002674382098,0.42075853812191444;0.005517644218709638
